0111
0179
0247
0307
0370
0430
0494
0538
0550
0614
0654
0678
0726
0782
0846
0910
0978
1042
1117
1133
1141
1165
1177
1197
1217
1229
1249
1261
1277
1289
1297
1313
1321
1333
1341
1349
1361
1373
1389
1397
1409
1417
1460
1476
1492
1508
1520
1532
1552
1564
1576
1588
1600
1616
1632
1652
1664
1684
1704
1716
1732
1740
1752
1823
1835
1851
1871
1883
1895
1907
1919
1935
1947
1967
1983
1995
2011
2027
2043
2059
2079
2087
2174
2190
2206
2222
2238
2258
2270
2294
2310
2318
2338
2354
2370
2382
2398
2414
2434
2446
2462
2545
2609
2673
2737
2797